constant
olho=0.283185307
bora0_5=0.5
bora1=1
phi=1.618033988749895 # golden ratio
e=2.718281828459045 # natural logarithm base
pi=3.141592653589793 # circle constant
bora4=4.0
bora5=5.0
bora6=6.0

boraSolarYearE=116.2867
boraSolarYearPI=134.2422
boraSolarYear226=226.0000
boraSolarYear=365.2422

