constant

bora0_5=0.5 # half
bora1=1.0 # one
phi=1.618033988749895 # golden ratio
e=2.718281828459045 # natural logarithm base
pi=3.141592653589793 # circle constant
bora5=5.0000

boraSolarYear226=226.0000
boraSolarYearPI=134.2422
boraSolarYearE=116.2867

boraSolarYear=365.2422

